40
41
42
43
44
178
213
324
325
326
327
328
329
332
333
334
337
338
339
340
343
344
345
350
351
357
358
359
361
362
363
391
394
395
396
397
432
433
434
435
436
437
438
439
440
441
442
443
454
455
782
783
784
802
803
804
805
806
807
1426
1593
1819
1822
1823
1834
1835
1919
1966
1991
2722
2899
2913
2920
2927
2934
3018
3074
3083
3084
3085
3105
3192
3199
3433
3456
3753
3822
3823
3824
3825
3839
3844
3851
3852
3853
3854
3860
3865
3882
3883
3885
3886
3888
3889
3952
3972
3979
4356
4364
4917
4992
5015
5016
5111
5138
5139
5140
5141
5142
5154
5167
5178
5201
5202
5308
5334
5424
5468
5469
5470
5471
5472
5473
5474
5475
5476
5477
5478
5479
5480
5481
5482
5483
5484
5485
5486
5487
5556
5557
5610
5611
5614
5615
5616
5617
5620
5621
5622
5623
5627
5628
5629
5630
5654
5655
5722
5723
5726
5728
5734
5736
5738
5740
5746
5748
5750
5752
5760
5762
5764
5766
5814
5815
5816
5965
5966
5967
5968
5976
6002
6033
6034
6035
6085
6086
6118
6124
6130
6144
6158
6170
6218
6219
6251
6263
6274
6317
6327
6333
6334
6354
6355
6376
6382
6388
6394
6395
6396
6409
6410
6411
6412
6413
6414
6415
6416
6417
6418
6419
6420
6421
6422
6423
6424
6425
6426
6427
6428
6429
6430
6431
6432
6433
6434
6456
6467
6496
6497
6586
6645
6646
6832
6858
6872
6877
6984
6992
7136
7149
7157
7158
7162
7163
7167
7168
7183
7221
7226
7279
7335
